0   1.86665
0.00125   2.08037
0.0025   2.31219
0.00375   2.56279
0.005   2.83276
0.00625   3.12258
0.0075   3.4326
0.00875   3.76306
0.01   4.11401
0.01125   4.48535
0.0125   4.87679
0.01375   5.28785
0.015   5.71782
0.01625   6.16579
0.0175   6.63062
0.01875   7.11093
0.02   7.60511
0.02125   8.11131
0.0225   8.62748
0.02375   9.15131
0.025   9.68032
0.02625   10.2118
0.0275   10.7429
0.02875   11.2707
0.03   11.7919
0.03125   12.3034
0.0325   12.8018
0.03375   13.2839
0.035   13.7463
0.03625   14.1858
0.0375   14.5992
0.03875   14.9834
0.04   15.3356
0.04125   15.6529
0.0425   15.933
0.04375   16.1736
0.045   16.3728
0.04625   16.529
0.0475   16.6408
0.04875   16.7075
0.05   16.7284
0.05125   16.7034
0.0525   16.6327
0.05375   16.5168
0.055   16.3567
0.05625   16.1538
0.0575   15.9096
0.05875   15.6261
0.06   15.3055
0.06125   14.9504
0.0625   14.5635
0.06375   14.1476
0.065   13.7059
0.06625   13.2416
0.0675   12.7579
0.06875   12.2582
0.07   11.7457
0.07125   11.2238
0.0725   10.6956
0.07375   10.1643
0.075   9.63293
0.07625   9.10428
0.0775   8.58103
0.07875   8.06567
0.08   7.56046
0.08125   7.06744
0.0825   6.58846
0.08375   6.12508
0.085   5.67867
0.08625   5.25036
0.0875   4.84103
0.08875   4.45136
0.09   4.08183
0.09125   3.73271
0.0925   3.40409
0.09375   3.09588
0.095   2.80785
0.09625   2.53963
0.0975   2.29073
0.09875   2.06055
0.1   1.84842
0.10125   1.65358
0.1025   1.47522
0.10375   1.31248
0.105   1.1645
0.10625   1.03036
0.1075   0.909175
0.10875   0.800042
0.11   0.702077
0.11125   0.614417
0.1125   0.536228
0.11375   0.466704
0.115   0.40508
0.11625   0.350628
0.1175   0.302664
0.11875   0.260543
0.12   0.223669
0.12125   0.191487
0.1225   0.163486
0.12375   0.139196
0.125   0.11819
0.12625   0.100079
0.1275   0.0845105
0.12875   0.0711681
0.13   0.0597677
0.13125   0.0500559
0.1325   0.0418071
0.13375   0.0348219
0.135   0.0289242
0.13625   0.0239595
0.1375   0.0197924
0.13875   0.0163053
0.14   0.0133957
0.14125   0.0109751
0.1425   0.00896723
0.14375   0.0073066
0.145   0.00593716
0.14625   0.00481115
0.1475   0.003888
0.14875   0.00313336
0.15   0.00251827
0.15125   0.00201836
0.1525   0.00161326
0.15375   0.00128593
0.155   0.0010222
0.15625   0.000810326
0.1575   0.000640607
0.15875   0.000505046
0.16   0.000397079
0.16125   0.000311336
0.1625   0.000243438
0.16375   0.000189826
0.165   0.000147614
0.16625   0.000114474
0.1675   8.85309e-05
0.16875   6.82793e-05
0.17   5.25157e-05
0.17125   4.02807e-05
0.1725   3.08114e-05
0.17375   2.35035e-05
0.175   1.78797e-05
0.17625   1.35642e-05
0.1775   1.02621e-05
0.17875   7.74257e-06
0.18   5.8256e-06
0.18125   4.37122e-06
0.1825   3.27093e-06
0.18375   2.44089e-06
0.185   1.81648e-06
0.18625   1.34809e-06
0.1875   9.97737e-07
0.18875   7.3641e-07
0.19   5.42038e-07
0.19125   3.97875e-07
0.1925   2.91253e-07
0.19375   2.12619e-07
0.195   1.54788e-07
0.19625   1.12378e-07
0.1975   8.13644e-08
0.19875   5.87479e-08
0.2   4.23016e-08
0.20125   3.03759e-08
0.2025   2.17524e-08
0.20375   1.55343e-08
0.205   1.10633e-08
0.20625   7.8575e-09
0.2075   5.56532e-09
0.20875   3.931e-09
0.21   2.769e-09
0.21125   1.94513e-09
0.2125   1.36264e-09
0.21375   9.51969e-10
0.215   6.63239e-10
0.21625   4.60812e-10
0.2175   3.19289e-10
0.21875   2.20624e-10
0.22   1.52029e-10
0.22125   1.04474e-10
0.2225   7.15972e-11
0.22375   4.89318e-11
0.225   3.33498e-11
0.22625   2.26674e-11
0.2275   1.53644e-11
0.22875   1.03858e-11
0.23   7.00114e-12
0.23125   4.70657e-12
0.2325   3.15535e-12
0.23375   2.10959e-12
0.235   1.40655e-12
0.23625   9.35228e-13
0.2375   6.20137e-13
0.23875   4.10076e-13
0.24   2.70426e-13
0.24125   1.77844e-13
0.2425   1.16637e-13
0.24375   7.62855e-14
0.245   4.97569e-14
0.24625   3.23647e-14
0.2475   2.09941e-14
0.24875   1.35809e-14
0.25   8.76127e-15
0.25125   5.63654e-15
0.2525   3.61631e-15
0.25375   2.31379e-15
0.255   1.47635e-15
0.25625   9.39428e-16
0.2575   5.96134e-16
0.25875   3.77251e-16
0.26   2.3808e-16
0.26125   1.49839e-16
0.2625   9.40441e-17
0.26375   5.88634e-17
0.265   3.67423e-17
0.26625   2.28715e-17
0.2675   1.41981e-17
0.26875   8.78962e-18
0.27   5.42648e-18
0.27125   3.34098e-18
0.2725   2.05133e-18
0.27375   1.25604e-18
0.275   7.66973e-19
0.27625   4.67049e-19
0.2775   2.8363e-19
0.27875   1.7177e-19
0.28   1.03741e-19
0.28125   6.24829e-20
0.2825   3.753e-20
0.28375   2.24803e-20
0.285   1.34286e-20
0.28625   7.99962e-21
0.2875   4.75241e-21
0.28875   2.81556e-21
0.29   1.6635e-21
0.29125   9.80138e-22
0.2925   5.75916e-22
0.29375   3.37472e-22
0.295   1.97207e-22
0.29625   1.14925e-22
0.2975   6.67903e-23
0.29875   3.87097e-23
0.3   2.23734e-23
0.30125   1.28959e-23
0.3025   7.41272e-24
0.30375   4.24924e-24
0.305   2.42913e-24
0.30625   1.38483e-24
0.3075   7.8732e-25
0.30875   4.46387e-25
0.31   2.52394e-25
0.31125   1.42316e-25
0.3125   8.00267e-26
0.31375   4.48769e-26
0.315   2.50967e-26
0.31625   1.39965e-26
0.3175   7.78444e-27
0.31875   4.3176e-27
0.32   2.38817e-27
0.32125   1.31733e-27
0.3225   7.24653e-28
0.32375   3.97533e-28
0.325   2.17481e-28
0.32625   1.18653e-28
0.3275   6.45568e-29
0.32875   3.50277e-29
0.33   1.89535e-29
0.33125   1.02276e-29
0.3325   5.50381e-30
0.33375   2.95366e-30
0.335   1.58076e-30
0.33625   8.43677e-31
0.3375   4.4905e-31
0.33875   2.38352e-31
0.34   1.26169e-31
0.34125   6.66024e-32
0.3425   3.50619e-32
0.34375   1.84072e-32
0.345   9.6371e-33
0.34625   5.03167e-33
0.3475   2.6199e-33
0.34875   1.36039e-33
0.35   7.04452e-34
0.35125   3.63785e-34
0.3525   1.87346e-34
0.35375   9.6217e-35
0.355   4.92794e-35
0.35625   2.51702e-35
0.3575   1.28208e-35
0.35875   6.51251e-36
0.36   3.29906e-36
0.36125   1.66662e-36
0.3625   8.39639e-37
0.36375   4.21847e-37
0.365   2.1136e-37
0.36625   1.05608e-37
0.3675   5.26237e-38
0.36875   2.61499e-38
0.37   1.29588e-38
0.37125   6.40426e-39
0.3725   3.1563e-39
0.37375   1.5513e-39
0.375   7.60359e-40
0.37625   3.71663e-40
0.3775   1.8117e-40
0.37875   8.80705e-41
0.38   4.26954e-41
0.38125   2.06414e-41
0.3825   9.95184e-42
0.38375   4.78492e-42
0.385   2.29431e-42
0.38625   1.09708e-42
0.3875   5.23154e-43
0.38875   2.48787e-43
0.39   1.17987e-43
0.39125   5.58016e-44
0.3925   2.63188e-44
0.39375   1.23792e-44
0.395   5.80664e-45
0.39625   2.71622e-45
0.3975   1.2671e-45
0.39875   5.89474e-46
0.4   2.7348e-46
0.40125   1.2653e-46
0.4025   5.83803e-47
0.40375   2.68626e-47
0.405   1.23264e-47
0.40625   5.64066e-48
0.4075   2.57413e-48
0.40875   1.17149e-48
0.41   5.31685e-49
0.41125   2.40645e-49
0.4125   1.08619e-49
0.41375   4.88924e-50
0.415   2.19474e-50
0.41625   9.82501e-51
0.4175   4.38621e-51
0.41875   1.95278e-51
0.42   8.67006e-52
0.42125   3.83883e-52
0.4225   1.69505e-52
0.42375   7.46402e-53
0.425   3.27771e-53
0.42625   1.4354e-53
0.4275   6.26881e-54
0.42875   2.73025e-54
0.43   1.18584e-54
0.43125   5.13641e-55
0.4325   2.2187e-55
0.43375   9.55747e-56
0.435   4.10577e-56
0.43625   1.75895e-56
0.4375   7.51484e-57
0.43875   3.20179e-57
0.44   1.36042e-57
0.44125   5.76445e-58
0.4425   2.43585e-58
0.44375   1.02648e-58
0.445   4.31378e-59
0.44625   1.80789e-59
0.4475   7.55601e-60
0.44875   3.14934e-60
0.45   1.30904e-60
0.45125   5.42619e-61
0.4525   2.24307e-61
0.45375   9.24693e-62
0.455   3.80154e-62
0.45625   1.55858e-62
0.4575   6.3724e-63
0.45875   2.59828e-63
0.46   1.05651e-63
0.46125   4.2842e-64
0.4625   1.7325e-64
0.46375   6.98686e-65
0.465   2.80995e-65
0.46625   1.12699e-65
0.4675   4.50767e-66
0.46875   1.798e-66
0.47   7.15208e-67
0.47125   2.83716e-67
0.4725   1.12238e-67
0.47375   4.42797e-68
0.475   1.74211e-68
0.47625   6.83525e-69
0.4775   2.67448e-69
0.47875   1.04359e-69
0.48   4.06097e-70
0.48125   1.57592e-70
0.4825   6.09884e-71
0.48375   2.35378e-71
0.485   9.05924e-72
0.48625   3.47716e-72
0.4875   1.33096e-72
0.48875   5.08055e-73
0.49   1.93403e-73
0.49125   7.34217e-74
0.4925   2.77966e-74
0.49375   1.04946e-74
0.495   3.95135e-75
0.49625   1.48366e-75
0.4975   5.55556e-76
0.49875   2.07457e-76
0.5   7.72569e-77
0.50125   2.86914e-77
0.5025   1.06261e-77
0.50375   3.92466e-78
0.505   1.44557e-78
0.50625   5.30983e-79
0.5075   1.94504e-79
0.50875   7.10535e-80
0.51   2.5885e-80
0.51125   9.40412e-81
0.5125   3.40718e-81
0.51375   1.23106e-81
0.515   4.43576e-82
0.51625   1.59392e-82
0.5175   5.71175e-83
0.51875   2.04117e-83
0.52   7.27441e-84
0.52125   2.58537e-84
0.5225   9.16334e-85
0.52375   3.23886e-85
0.525   1.14166e-85
0.52625   4.01318e-86
0.5275   1.40685e-86
0.52875   4.91828e-87
0.53   1.71469e-87
0.53125   5.96163e-88
0.5325   2.06705e-88
0.53375   7.14733e-89
0.535   2.46458e-89
0.53625   8.4752e-90
0.5375   2.90646e-90
0.53875   9.93995e-91
0.54   3.39009e-91
0.54125   1.15304e-91
0.5425   3.91098e-92
0.54375   1.32292e-92
0.545   4.4626e-93
0.54625   1.50124e-93
0.5475   5.03638e-94
0.54875   1.68497e-94
0.55   5.6218e-95
0.55125   1.87053e-95
0.5525   6.20668e-96
0.55375   2.05382e-96
0.555   6.77753e-97
0.55625   2.23043e-97
0.5575   7.31999e-98
0.55875   2.39574e-98
0.56   7.81947e-99
0.56125   2.54519e-99
0.5625   8.26174e-100
0.56375   2.67441e-100
0.565   8.63362e-101
0.56625   2.77948e-101
0.5675   8.92363e-102
0.56875   2.8571e-102
0.57   9.12258e-103
0.57125   2.9048e-103
0.5725   9.22404e-104
0.57375   2.92101e-104
0.575   9.2247e-105
0.57625   2.90521e-105
0.5775   9.12453e-106
0.57875   2.85792e-106
0.58   8.92681e-107
0.58125   2.78067e-107
0.5825   8.63792e-108
0.58375   2.67594e-108
0.585   8.26703e-109
0.58625   2.54701e-109
0.5875   7.8256e-110
0.58875   2.39779e-110
0.59   7.32677e-111
0.59125   2.23265e-111
0.5925   6.78478e-112
0.59375   2.05616e-112
0.595   6.2142e-113
0.59625   1.87293e-113
0.5975   5.62941e-114
0.59875   1.68738e-114
0.6   5.04391e-115
0.60125   1.50359e-115
0.6025   4.46992e-116
0.60375   1.32518e-116
0.605   3.91796e-117
0.60625   1.15518e-117
0.6075   3.39662e-118
0.60875   9.95979e-119
0.61   2.91247e-119
0.61125   8.49334e-120
0.6125   2.47003e-120
0.61375   7.16364e-121
0.615   2.07191e-121
0.61625   5.97608e-122
0.6175   1.71897e-122
0.61875   4.93091e-123
0.62   1.41056e-123
0.62125   4.02406e-124
0.6225   1.14484e-124
0.62375   3.2481e-125
0.625   9.19014e-126
0.62625   2.59311e-126
0.6275   7.29673e-127
0.62875   2.04758e-127
0.63   5.73009e-128
0.63125   1.59915e-128
0.6325   4.45064e-129
0.63375   1.23527e-129
0.635   3.41909e-130
0.63625   9.43767e-131
0.6375   2.59792e-131
0.63875   7.13172e-132
0.64   1.9524e-132
0.64125   5.33029e-133
0.6425   1.45124e-133
0.64375   3.94035e-134
0.645   1.06693e-134
0.64625   2.88102e-135
0.6475   7.75823e-136
0.64875   2.08346e-136
0.65   5.57975e-137
0.65125   1.49022e-137
0.6525   3.96913e-138
0.65375   1.05425e-138
0.655   2.79256e-139
0.65625   7.37677e-140
0.6575   1.94329e-140
0.65875   5.10522e-141
0.66   1.33752e-141
0.66125   3.49454e-142
0.6625   9.10518e-143
0.66375   2.36588e-143
0.665   6.13063e-144
0.66625   1.58425e-144
0.6675   4.08272e-145
0.66875   1.04926e-145
0.67   2.68919e-146
0.67125   6.87333e-147
0.6725   1.75194e-147
0.67375   4.45328e-148
0.675   1.12888e-148
0.67625   2.85378e-149
0.6775   7.1945e-150
0.67875   1.80879e-150
0.68   4.53504e-151
0.68125   1.13392e-151
0.6825   2.82742e-152
0.68375   7.0308e-153
0.685   1.74352e-153
0.68625   4.31176e-154
0.6875   1.06338e-154
0.68875   2.61536e-155
0.69   6.41476e-156
0.69125   1.56905e-156
0.6925   3.82735e-157
0.69375   9.31038e-158
0.695   2.25862e-158
0.69625   5.4642e-159
0.6975   1.31831e-159
0.69875   3.17186e-160
0.7   7.61056e-161
0.70125   1.82107e-161
0.7025   4.34555e-162
0.70375   1.03411e-162
0.705   2.45414e-163
0.70625   5.80814e-164
0.7075   1.37082e-164
0.70875   3.22651e-165
0.71   7.57342e-166
0.71125   1.77279e-166
0.7125   4.13837e-167
0.71375   9.63403e-168
0.715   2.23663e-168
0.71625   5.17829e-169
0.7175   1.1956e-169
0.71875   2.75291e-170
0.72   6.32128e-171
0.72125   1.44752e-171
0.7225   3.30561e-172
0.72375   7.5281e-173
0.725   1.70972e-173
0.72625   3.87234e-174
0.7275   8.74636e-175
0.72875   1.9701e-175
0.73   4.42544e-176
0.73125   9.91359e-177
0.7325   2.21469e-177
0.73375   4.93402e-178
0.735   1.09622e-178
0.73625   2.42884e-179
0.7375   5.3667e-180
0.73875   1.18256e-180
0.74   2.59864e-181
0.74125   5.69476e-182
0.7425   1.24455e-182
0.74375   2.71241e-183
0.745   5.89529e-184
0.74625   1.2778e-184
0.7475   2.76201e-185
0.74875   5.95382e-186
0.75   1.27989e-186
0.75125   2.74383e-187
0.7525   5.86609e-188
0.75375   1.25068e-188
0.755   2.6592e-189
0.75625   5.6385e-190
0.7575   1.19229e-190
0.75875   2.51424e-191
0.76   5.28736e-192
0.76125   1.10886e-192
0.7625   2.31913e-193
0.76375   4.83701e-194
0.765   1.00609e-194
0.76625   2.08691e-195
0.7675   4.31694e-196
0.76875   8.90546e-197
0.77   1.83208e-197
0.77125   3.7587e-198
0.7725   7.6902e-199
0.77375   1.56908e-199
0.775   3.19271e-200
0.77625   6.4786e-201
0.7775   1.31102e-201
0.77875   2.64572e-202
0.78   5.32458e-203
0.78125   1.06865e-203
0.7825   2.1389e-204
0.78375   4.26925e-205
0.785   8.49808e-206
0.78625   1.68693e-206
0.7875   3.33949e-207
0.78875   6.59279e-208
0.79   1.29797e-208
0.79125   2.54841e-209
0.7925   4.98976e-210
0.79375   9.74309e-211
0.795   1.89723e-211
0.79625   3.68427e-212
0.7975   7.13492e-213
0.79875   1.37795e-213
0.8   2.6539e-214
0.80125   5.09733e-215
0.8025   9.76355e-216
0.80375   1.865e-216
0.805   3.5527e-217
0.80625   6.74907e-218
0.8075   1.2786e-218
0.80875   2.41566e-219
0.81   4.55136e-220
0.81125   8.55174e-221
0.8125   1.60241e-221
0.81375   2.99434e-222
0.815   5.58e-223
0.81625   1.03699e-223
0.8175   1.92186e-224
0.81875   3.55202e-225
0.82   6.54691e-226
0.82125   1.20338e-226
0.8225   2.20586e-227
0.82375   4.03237e-228
0.825   7.35103e-229
0.82625   1.33642e-229
0.8275   2.42295e-230
0.82875   4.38081e-231
0.83   7.89895e-232
0.83125   1.42034e-232
0.8325   2.54696e-233
0.83375   4.55468e-234
0.835   8.1227e-235
0.83625   1.44461e-235
0.8375   2.56216e-236
0.83875   4.5318e-237
0.84   7.99357e-238
0.84125   1.40611e-238
0.8425   2.46662e-239
0.84375   4.31512e-240
0.845   7.5282e-241
0.84625   1.30977e-241
0.8475   2.27252e-242
0.84875   3.93211e-243
0.85   6.78501e-244
0.85125   1.16757e-244
0.8525   2.00365e-245
0.85375   3.429e-246
0.855   5.85221e-247
0.85625   9.96045e-248
0.8575   1.69062e-248
0.85875   2.86166e-249
0.86   4.83057e-250
0.86125   8.13177e-251
0.8625   1.36514e-251
0.86375   2.28549e-252
0.865   3.81581e-253
0.86625   6.35332e-254
0.8675   1.05492e-254
0.86875   1.74682e-255
0.87   2.88459e-256
0.87125   4.75035e-257
0.8725   7.80143e-258
0.87375   1.2777e-258
0.875   2.08685e-259
0.87625   3.39907e-260
0.8775   5.52123e-261
0.87875   8.94373e-262
0.88   1.4448e-262
0.88125   2.32758e-263
0.8825   3.73945e-264
0.88375   5.99125e-265
0.885   9.5727e-266
0.88625   1.52531e-266
0.8875   2.42376e-267
0.88875   3.84084e-268
0.89   6.06975e-269
0.89125   9.56581e-270
0.8925   1.50342e-270
0.89375   2.35637e-271
0.895   3.68312e-272
0.89625   5.74109e-273
0.8975   8.92441e-274
0.89875   1.38348e-274
0.9   2.1388e-275
0.90125   3.29744e-276
0.9025   5.06978e-277
0.90375   7.77337e-278
0.905   1.1886e-278
0.90625   1.81246e-279
0.9075   2.75619e-280
0.90875   4.1798e-281
0.91   6.32135e-282
0.91125   9.53389e-283
0.9125   1.43396e-283
0.91375   2.15086e-284
0.915   3.21731e-285
0.91625   4.79934e-286
0.9175   7.13964e-287
0.91875   1.0592e-287
0.92   1.56706e-288
0.92125   2.31207e-289
0.9225   3.40192e-290
0.92375   4.99175e-291
0.925   7.30448e-292
0.92625   1.06594e-292
0.9275   1.55125e-293
0.92875   2.25132e-294
0.93   3.25838e-295
0.93125   4.70296e-296
0.9325   6.76938e-297
0.93375   9.71701e-298
0.935   1.39099e-298
0.93625   1.98573e-299
0.9375   2.827e-300
0.93875   4.01362e-301
0.94   5.6827e-302
0.94125   8.02379e-303
0.9425   1.12983e-303
0.94375   1.58654e-304
0.945   2.22175e-305
0.94625   3.10276e-306
0.9475   4.32123e-307
0.94875   6.00168e-308
0.95   8.31278e-309
0.95125   1.14822e-309
0.9525   1.58166e-310
0.95375   2.17273e-311
0.955   2.9765e-312
0.95625   4.06643e-313
0.9575   5.54022e-314
0.95875   7.52745e-315
0.96   1.01994e-315
0.96125   1.37819e-316
0.9625   1.85717e-317
0.96375   2.49577e-318
0.965   3.34482e-319
0.96625   4.47129e-320
0.9675   5.94855e-321
0.96875   8.2509e-322
0.97   8.39912e-323
0.97125   0
0.9725   0
0.97375   0
0.975   0
0.97625   0
0.9775   0
0.97875   0
0.98   0
0.98125   0
0.9825   0
0.98375   0
0.985   0
0.98625   0
0.9875   0
0.98875   0
0.99   0
0.99125   0
0.9925   0
0.99375   0
0.995   0
0.99625   0
0.9975   0
0.99875   0
1   0
1.00125   0
1.0025   0
1.00375   0
1.005   0
1.00625   0
1.0075   0
1.00875   0
1.01   0
1.01125   0
1.0125   0
1.01375   0
1.015   0
1.01625   0
1.0175   0
1.01875   0
1.02   0
1.02125   0
1.0225   0
1.02375   0
1.025   0
1.02625   0
1.0275   0
1.02875   0
1.03   0
1.03125   0
1.0325   0
1.03375   0
1.035   0
1.03625   0
1.0375   0
1.03875   0
1.04   0
1.04125   0
1.0425   0
1.04375   0
1.045   0
1.04625   0
1.0475   0
1.04875   0
1.05   0
1.05125   0
1.0525   0
1.05375   0
1.055   0
1.05625   0
1.0575   0
1.05875   0
1.06   0
1.06125   0
1.0625   0
1.06375   0
1.065   0
1.06625   0
1.0675   0
1.06875   0
1.07   0
1.07125   0
1.0725   0
1.07375   0
1.075   0
1.07625   0
1.0775   0
1.07875   0
1.08   0
1.08125   0
1.0825   0
1.08375   0
1.085   0
1.08625   0
1.0875   0
1.08875   0
1.09   0
1.09125   0
1.0925   0
1.09375   0
1.095   0
1.09625   0
1.0975   0
1.09875   0
1.1   0
1.10125   0
1.1025   0
1.10375   0
1.105   0
1.10625   0
1.1075   0
1.10875   0
1.11   0
1.11125   0
1.1125   0
1.11375   0
1.115   0
1.11625   0
1.1175   0
1.11875   0
1.12   0
1.12125   0
1.1225   0
1.12375   0
1.125   0
1.12625   0
1.1275   0
1.12875   0
1.13   0
1.13125   0
1.1325   0
1.13375   0
1.135   0
1.13625   0
1.1375   0
1.13875   0
1.14   0
1.14125   0
1.1425   0
1.14375   0
1.145   0
1.14625   0
1.1475   0
1.14875   0
1.15   0
1.15125   0
1.1525   0
1.15375   0
1.155   0
1.15625   0
1.1575   0
1.15875   0
1.16   0
1.16125   0
1.1625   0
1.16375   0
1.165   0
1.16625   0
1.1675   0
1.16875   0
1.17   0
1.17125   0
1.1725   0
1.17375   0
1.175   0
1.17625   0
1.1775   0
1.17875   0
1.18   0
1.18125   0
1.1825   0
1.18375   0
1.185   0
1.18625   0
1.1875   0
1.18875   0
1.19   0
1.19125   0
1.1925   0
1.19375   0
1.195   0
1.19625   0
1.1975   0
1.19875   0
1.2   0
1.20125   0
1.2025   0
1.20375   0
1.205   0
1.20625   0
1.2075   0
1.20875   0
1.21   0
1.21125   0
1.2125   0
1.21375   0
1.215   0
1.21625   0
1.2175   0
1.21875   0
1.22   0
1.22125   0
1.2225   0
1.22375   0
1.225   0
1.22625   0
1.2275   0
1.22875   0
1.23   0
1.23125   0
1.2325   0
1.23375   0
1.235   0
1.23625   0
1.2375   0
1.23875   0
1.24   0
1.24125   0
1.2425   0
1.24375   0
1.245   0
1.24625   0
1.2475   0
1.24875   0
1.25   0
1.25125   0
1.2525   0
1.25375   0
1.255   0
1.25625   0
1.2575   0
1.25875   0
1.26   0
1.26125   0
1.2625   0
1.26375   0
1.265   0
1.26625   0
1.2675   0
1.26875   0
1.27   0
1.27125   0
1.2725   0
1.27375   0
1.275   0
1.27625   0
1.2775   0
1.27875   0
1.28   0
1.28125   0
1.2825   0
1.28375   0
1.285   0
1.28625   0
1.2875   0
1.28875   0
1.29   0
1.29125   0
1.2925   0
1.29375   0
1.295   0
1.29625   0
1.2975   0
1.29875   0
1.3   0
1.30125   0
1.3025   0
1.30375   0
1.305   0
1.30625   0
1.3075   0
1.30875   0
1.31   0
1.31125   0
1.3125   0
1.31375   0
1.315   0
1.31625   0
1.3175   0
1.31875   0
1.32   0
1.32125   0
1.3225   0
1.32375   0
1.325   0
1.32625   0
1.3275   0
1.32875   0
1.33   0
1.33125   0
1.3325   0
1.33375   0
1.335   0
1.33625   0
1.3375   0
1.33875   0
1.34   0
1.34125   0
1.3425   0
1.34375   0
1.345   0
1.34625   0
1.3475   0
1.34875   0
1.35   0
1.35125   0
1.3525   0
1.35375   0
1.355   0
1.35625   0
1.3575   0
1.35875   0
1.36   0
1.36125   0
1.3625   0
1.36375   0
1.365   0
1.36625   0
1.3675   0
1.36875   0
1.37   0
1.37125   0
1.3725   0
1.37375   0
1.375   0
1.37625   0
1.3775   0
1.37875   0
1.38   0
1.38125   0
1.3825   0
1.38375   0
1.385   0
1.38625   0
1.3875   0
1.38875   0
1.39   0
1.39125   0
1.3925   0
1.39375   0
1.395   0
1.39625   0
1.3975   0
1.39875   0
1.4   0
1.40125   0
1.4025   0
1.40375   0
1.405   0
1.40625   0
1.4075   0
1.40875   0
1.41   0
1.41125   0
1.4125   0
1.41375   0
1.415   0
1.41625   0
1.4175   0
1.41875   0
1.42   0
1.42125   0
1.4225   0
1.42375   0
1.425   0
1.42625   0
1.4275   0
1.42875   0
1.43   0
1.43125   0
1.4325   0
1.43375   0
1.435   0
1.43625   0
1.4375   0
1.43875   0
1.44   0
1.44125   0
1.4425   0
1.44375   0
1.445   0
1.44625   0
1.4475   0
1.44875   0
1.45   0
1.45125   0
1.4525   0
1.45375   0
1.455   0
1.45625   0
1.4575   0
1.45875   0
1.46   0
1.46125   0
1.4625   0
1.46375   0
1.465   0
1.46625   0
1.4675   0
1.46875   0
1.47   0
1.47125   0
1.4725   0
1.47375   0
1.475   0
1.47625   0
1.4775   0
1.47875   0
1.48   0
1.48125   0
1.4825   0
1.48375   0
1.485   0
1.48625   0
1.4875   0
1.48875   0
1.49   0
1.49125   0
1.4925   0
1.49375   0
1.495   0
1.49625   0
1.4975   0
1.49875   0
1.5   0
1.50125   0
1.5025   0
1.50375   0
1.505   0
1.50625   0
1.5075   0
1.50875   0
1.51   0
1.51125   0
1.5125   0
1.51375   0
1.515   0
1.51625   0
1.5175   0
1.51875   0
1.52   0
1.52125   0
1.5225   0
1.52375   0
1.525   0
1.52625   0
1.5275   0
1.52875   0
1.53   0
1.53125   0
1.5325   0
1.53375   0
1.535   0
1.53625   0
1.5375   0
1.53875   0
1.54   0
1.54125   0
1.5425   0
1.54375   0
1.545   0
1.54625   0
1.5475   0
1.54875   0
1.55   0
1.55125   0
1.5525   0
1.55375   0
1.555   0
1.55625   0
1.5575   0
1.55875   0
1.56   0
1.56125   0
1.5625   0
1.56375   0
1.565   0
1.56625   0
1.5675   0
1.56875   0
1.57   0
1.57125   0
1.5725   0
1.57375   0
1.575   0
1.57625   0
1.5775   0
1.57875   0
1.58   0
1.58125   0
1.5825   0
1.58375   0
1.585   0
1.58625   0
1.5875   0
1.58875   0
1.59   0
1.59125   0
1.5925   0
1.59375   0
1.595   0
1.59625   0
1.5975   0
1.59875   0
1.6   0
1.60125   0
1.6025   0
1.60375   0
1.605   0
1.60625   0
1.6075   0
1.60875   0
1.61   0
1.61125   0
1.6125   0
1.61375   0
1.615   0
1.61625   0
1.6175   0
1.61875   0
1.62   0
1.62125   0
1.6225   0
1.62375   0
1.625   0
1.62625   0
1.6275   0
1.62875   0
1.63   0
1.63125   0
1.6325   0
1.63375   0
1.635   0
1.63625   0
1.6375   0
1.63875   0
1.64   0
1.64125   0
1.6425   0
1.64375   0
1.645   0
1.64625   0
1.6475   0
1.64875   0
1.65   0
1.65125   0
1.6525   0
1.65375   0
1.655   0
1.65625   0
1.6575   0
1.65875   0
1.66   0
1.66125   0
1.6625   0
1.66375   0
1.665   0
1.66625   0
1.6675   0
1.66875   0
1.67   0
1.67125   0
1.6725   0
1.67375   0
1.675   0
1.67625   0
1.6775   0
1.67875   0
1.68   0
1.68125   0
1.6825   0
1.68375   0
1.685   0
1.68625   0
1.6875   0
1.68875   0
1.69   0
1.69125   0
1.6925   0
1.69375   0
1.695   0
1.69625   0
1.6975   0
1.69875   0
1.7   0
1.70125   0
1.7025   0
1.70375   0
1.705   0
1.70625   0
1.7075   0
1.70875   0
1.71   0
1.71125   0
1.7125   0
1.71375   0
1.715   0
1.71625   0
1.7175   0
1.71875   0
1.72   0
1.72125   0
1.7225   0
1.72375   0
1.725   0
1.72625   0
1.7275   0
1.72875   0
1.73   0
1.73125   0
1.7325   0
1.73375   0
1.735   0
1.73625   0
1.7375   0
1.73875   0
1.74   0
1.74125   0
1.7425   0
1.74375   0
1.745   0
1.74625   0
1.7475   0
1.74875   0
1.75   0
1.75125   0
1.7525   0
1.75375   0
1.755   0
1.75625   0
1.7575   0
1.75875   0
1.76   0
1.76125   0
1.7625   0
1.76375   0
1.765   0
1.76625   0
1.7675   0
1.76875   0
1.77   0
1.77125   0
1.7725   0
1.77375   0
1.775   0
1.77625   0
1.7775   0
1.77875   0
1.78   0
1.78125   0
1.7825   0
1.78375   0
1.785   0
1.78625   0
1.7875   0
1.78875   0
1.79   0
1.79125   0
1.7925   0
1.79375   0
1.795   0
1.79625   0
1.7975   0
1.79875   0
1.8   0
1.80125   0
1.8025   0
1.80375   0
1.805   0
1.80625   0
1.8075   0
1.80875   0
1.81   0
1.81125   0
1.8125   0
1.81375   0
1.815   0
1.81625   0
1.8175   0
1.81875   0
1.82   0
1.82125   0
1.8225   0
1.82375   0
1.825   0
1.82625   0
1.8275   0
1.82875   0
1.83   0
1.83125   0
1.8325   0
1.83375   0
1.835   0
1.83625   0
1.8375   0
1.83875   0
1.84   0
1.84125   0
1.8425   0
1.84375   0
1.845   0
1.84625   0
1.8475   0
1.84875   0
1.85   0
1.85125   0
1.8525   0
1.85375   0
1.855   0
1.85625   0
1.8575   0
1.85875   0
1.86   0
1.86125   0
1.8625   0
1.86375   0
1.865   0
1.86625   0
1.8675   0
1.86875   0
1.87   0
1.87125   0
1.8725   0
1.87375   0
1.875   0
1.87625   0
1.8775   0
1.87875   0
1.88   0
1.88125   0
1.8825   0
1.88375   0
1.885   0
1.88625   0
1.8875   0
1.88875   0
1.89   0
1.89125   0
1.8925   0
1.89375   0
1.895   0
1.89625   0
1.8975   0
1.89875   0
1.9   0
1.90125   0
1.9025   0
1.90375   0
1.905   0
1.90625   0
1.9075   0
1.90875   0
1.91   0
1.91125   0
1.9125   0
1.91375   0
1.915   0
1.91625   0
1.9175   0
1.91875   0
1.92   0
1.92125   0
1.9225   0
1.92375   0
1.925   0
1.92625   0
1.9275   0
1.92875   0
1.93   0
1.93125   0
1.9325   0
1.93375   0
1.935   0
1.93625   0
1.9375   0
1.93875   0
1.94   0
1.94125   0
1.9425   0
1.94375   0
1.945   0
1.94625   0
1.9475   0
1.94875   0
1.95   0
1.95125   0
1.9525   0
1.95375   0
1.955   0
1.95625   0
1.9575   0
1.95875   0
1.96   0
1.96125   0
1.9625   0
1.96375   0
1.965   0
1.96625   0
1.9675   0
1.96875   0
1.97   0
1.97125   0
1.9725   0
1.97375   0
1.975   0
1.97625   0
1.9775   0
1.97875   0
1.98   0
1.98125   0
1.9825   0
1.98375   0
1.985   0
1.98625   0
1.9875   0
1.98875   0
1.99   0
1.99125   0
1.9925   0
1.99375   0
1.995   0
1.99625   0
1.9975   0
1.99875   0
2   0
2.00125   0
2.0025   0
2.00375   0
2.005   0
2.00625   0
2.0075   0
2.00875   0
2.01   0
2.01125   0
2.0125   0
2.01375   0
2.015   0
2.01625   0
2.0175   0
2.01875   0
2.02   0
2.02125   0
2.0225   0
2.02375   0
2.025   0
2.02625   0
2.0275   0
2.02875   0
2.03   0
2.03125   0
2.0325   0
2.03375   0
2.035   0
2.03625   0
2.0375   0
2.03875   0
2.04   0
2.04125   0
2.0425   0
2.04375   0
2.045   0
2.04625   0
2.0475   0
2.04875   0
2.05   0
2.05125   0
2.0525   0
2.05375   0
2.055   0
2.05625   0
2.0575   0
2.05875   0
2.06   0
2.06125   0
2.0625   0
2.06375   0
2.065   0
2.06625   0
2.0675   0
2.06875   0
2.07   0
2.07125   0
2.0725   0
2.07375   0
2.075   0
2.07625   0
2.0775   0
2.07875   0
2.08   0
2.08125   0
2.0825   0
2.08375   0
2.085   0
2.08625   0
2.0875   0
2.08875   0
2.09   0
2.09125   0
2.0925   0
2.09375   0
2.095   0
2.09625   0
2.0975   0
2.09875   0
2.1   0
2.10125   0
2.1025   0
2.10375   0
2.105   0
2.10625   0
2.1075   0
2.10875   0
2.11   0
2.11125   0
2.1125   0
2.11375   0
2.115   0
2.11625   0
2.1175   0
2.11875   0
2.12   0
2.12125   0
2.1225   0
2.12375   0
2.125   0
2.12625   0
2.1275   0
2.12875   0
2.13   0
2.13125   0
2.1325   0
2.13375   0
2.135   0
2.13625   0
2.1375   0
2.13875   0
2.14   0
2.14125   0
2.1425   0
2.14375   0
2.145   0
2.14625   0
2.1475   0
2.14875   0
2.15   0
2.15125   0
2.1525   0
2.15375   0
2.155   0
2.15625   0
2.1575   0
2.15875   0
2.16   0
2.16125   0
2.1625   0
2.16375   0
2.165   0
2.16625   0
2.1675   0
2.16875   0
2.17   0
2.17125   0
2.1725   0
2.17375   0
2.175   0
2.17625   0
2.1775   0
2.17875   0
2.18   0
2.18125   0
2.1825   0
2.18375   0
2.185   0
2.18625   0
2.1875   0
2.18875   0
2.19   0
2.19125   0
2.1925   0
2.19375   0
2.195   0
2.19625   0
2.1975   0
2.19875   0
2.2   0
2.20125   0
2.2025   0
2.20375   0
2.205   0
2.20625   0
2.2075   0
2.20875   0
2.21   0
2.21125   0
2.2125   0
2.21375   0
2.215   0
2.21625   0
2.2175   0
2.21875   0
2.22   0
2.22125   0
2.2225   0
2.22375   0
2.225   0
2.22625   0
2.2275   0
2.22875   0
2.23   0
2.23125   0
2.2325   0
2.23375   0
2.235   0
2.23625   0
2.2375   0
2.23875   0
2.24   0
2.24125   0
2.2425   0
2.24375   0
2.245   0
2.24625   0
2.2475   0
2.24875   0
2.25   0
2.25125   0
2.2525   0
2.25375   0
2.255   0
2.25625   0
2.2575   0
2.25875   0
2.26   0
2.26125   0
2.2625   0
2.26375   0
2.265   0
2.26625   0
2.2675   0
2.26875   0
2.27   0
2.27125   0
2.2725   0
2.27375   0
2.275   0
2.27625   0
2.2775   0
2.27875   0
2.28   0
2.28125   0
2.2825   0
2.28375   0
2.285   0
2.28625   0
2.2875   0
2.28875   0
2.29   0
2.29125   0
2.2925   0
2.29375   0
2.295   0
2.29625   0
2.2975   0
2.29875   0
2.3   0
2.30125   0
2.3025   0
2.30375   0
2.305   0
2.30625   0
2.3075   0
2.30875   0
2.31   0
2.31125   0
2.3125   0
2.31375   0
2.315   0
2.31625   0
2.3175   0
2.31875   0
2.32   0
2.32125   0
2.3225   0
2.32375   0
2.325   0
2.32625   0
2.3275   0
2.32875   0
2.33   0
2.33125   0
2.3325   0
2.33375   0
2.335   0
2.33625   0
2.3375   0
2.33875   0
2.34   0
2.34125   0
2.3425   0
2.34375   0
2.345   0
2.34625   0
2.3475   0
2.34875   0
2.35   0
2.35125   0
2.3525   0
2.35375   0
2.355   0
2.35625   0
2.3575   0
2.35875   0
2.36   0
2.36125   0
2.3625   0
2.36375   0
2.365   0
2.36625   0
2.3675   0
2.36875   0
2.37   0
2.37125   0
2.3725   0
2.37375   0
2.375   0
2.37625   0
2.3775   0
2.37875   0
2.38   0
2.38125   0
2.3825   0
2.38375   0
2.385   0
2.38625   0
2.3875   0
2.38875   0
2.39   0
2.39125   0
2.3925   0
2.39375   0
2.395   0
2.39625   0
2.3975   0
2.39875   0
2.4   0
2.40125   0
2.4025   0
2.40375   0
2.405   0
2.40625   0
2.4075   0
2.40875   0
2.41   0
2.41125   0
2.4125   0
2.41375   0
2.415   0
2.41625   0
2.4175   0
2.41875   0
2.42   0
2.42125   0
2.4225   0
2.42375   0
2.425   0
2.42625   0
2.4275   0
2.42875   0
2.43   0
2.43125   0
2.4325   0
2.43375   0
2.435   0
2.43625   0
2.4375   0
2.43875   0
2.44   0
2.44125   0
2.4425   0
2.44375   0
2.445   0
2.44625   0
2.4475   0
2.44875   0
2.45   0
2.45125   0
2.4525   0
2.45375   0
2.455   0
2.45625   0
2.4575   0
2.45875   0
2.46   0
2.46125   0
2.4625   0
2.46375   0
2.465   0
2.46625   0
2.4675   0
2.46875   0
2.47   0
2.47125   0
2.4725   0
2.47375   0
2.475   0
2.47625   0
2.4775   0
2.47875   0
2.48   0
2.48125   0
2.4825   0
2.48375   0
2.485   0
2.48625   0
2.4875   0
2.48875   0
2.49   0
2.49125   0
2.4925   0
2.49375   0
2.495   0
2.49625   0
2.4975   0
2.49875   0
2.5   0
2.50125   0
2.5025   0
2.50375   0
2.505   0
2.50625   0
2.5075   0
2.50875   0
2.51   0
2.51125   0
2.5125   0
2.51375   0
2.515   0
2.51625   0
2.5175   0
2.51875   0
2.52   0
2.52125   0
2.5225   0
2.52375   0
2.525   0
2.52625   0
2.5275   0
2.52875   0
2.53   0
2.53125   0
2.5325   0
2.53375   0
2.535   0
2.53625   0
2.5375   0
2.53875   0
2.54   0
2.54125   0
2.5425   0
2.54375   0
2.545   0
2.54625   0
2.5475   0
2.54875   0
2.55   0
2.55125   0
2.5525   0
2.55375   0
2.555   0
2.55625   0
2.5575   0
2.55875   0
2.56   0
2.56125   0
2.5625   0
2.56375   0
2.565   0
2.56625   0
2.5675   0
2.56875   0
2.57   0
2.57125   0
2.5725   0
2.57375   0
2.575   0
2.57625   0
2.5775   0
2.57875   0
2.58   0
2.58125   0
2.5825   0
2.58375   0
2.585   0
2.58625   0
2.5875   0
2.58875   0
2.59   0
2.59125   0
2.5925   0
2.59375   0
2.595   0
2.59625   0
2.5975   0
2.59875   0
2.6   0
2.60125   0
2.6025   0
2.60375   0
2.605   0
2.60625   0
2.6075   0
2.60875   0
2.61   0
2.61125   0
2.6125   0
2.61375   0
2.615   0
2.61625   0
2.6175   0
2.61875   0
2.62   0
2.62125   0
2.6225   0
2.62375   0
2.625   0
2.62625   0
2.6275   0
2.62875   0
2.63   0
2.63125   0
2.6325   0
2.63375   0
2.635   0
2.63625   0
2.6375   0
2.63875   0
2.64   0
2.64125   0
2.6425   0
2.64375   0
2.645   0
2.64625   0
2.6475   0
2.64875   0
2.65   0
2.65125   0
2.6525   0
2.65375   0
2.655   0
2.65625   0
2.6575   0
2.65875   0
2.66   0
2.66125   0
2.6625   0
2.66375   0
2.665   0
2.66625   0
2.6675   0
2.66875   0
2.67   0
2.67125   0
2.6725   0
2.67375   0
2.675   0
2.67625   0
2.6775   0
2.67875   0
2.68   0
2.68125   0
2.6825   0
2.68375   0
2.685   0
2.68625   0
2.6875   0
2.68875   0
2.69   0
2.69125   0
2.6925   0
2.69375   0
2.695   0
2.69625   0
2.6975   0
2.69875   0
2.7   0
2.70125   0
2.7025   0
2.70375   0
2.705   0
2.70625   0
2.7075   0
2.70875   0
2.71   0
2.71125   0
2.7125   0
2.71375   0
2.715   0
2.71625   0
2.7175   0
2.71875   0
2.72   0
2.72125   0
2.7225   0
2.72375   0
2.725   0
2.72625   0
2.7275   0
2.72875   0
2.73   0
2.73125   0
2.7325   0
2.73375   0
2.735   0
2.73625   0
2.7375   0
2.73875   0
2.74   0
2.74125   0
2.7425   0
2.74375   0
2.745   0
2.74625   0
2.7475   0
2.74875   0
2.75   0
2.75125   0
2.7525   0
2.75375   0
2.755   0
2.75625   0
2.7575   0
2.75875   0
2.76   0
2.76125   0
2.7625   0
2.76375   0
2.765   0
2.76625   0
2.7675   0
2.76875   0
2.77   0
2.77125   0
2.7725   0
2.77375   0
2.775   0
2.77625   0
2.7775   0
2.77875   0
2.78   0
2.78125   0
2.7825   0
2.78375   0
2.785   0
2.78625   0
2.7875   0
2.78875   0
2.79   0
2.79125   0
2.7925   0
2.79375   0
2.795   0
2.79625   0
2.7975   0
2.79875   0
2.8   0
2.80125   0
2.8025   0
2.80375   0
2.805   0
2.80625   0
2.8075   0
2.80875   0
2.81   0
2.81125   0
2.8125   0
2.81375   0
2.815   0
2.81625   0
2.8175   0
2.81875   0
2.82   0
2.82125   0
2.8225   0
2.82375   0
2.825   0
2.82625   0
2.8275   0
2.82875   0
2.83   0
2.83125   0
2.8325   0
2.83375   0
2.835   0
2.83625   0
2.8375   0
2.83875   0
2.84   0
2.84125   0
2.8425   0
2.84375   0
2.845   0
2.84625   0
2.8475   0
2.84875   0
2.85   0
2.85125   0
2.8525   0
2.85375   0
2.855   0
2.85625   0
2.8575   0
2.85875   0
2.86   0
2.86125   0
2.8625   0
2.86375   0
2.865   0
2.86625   0
2.8675   0
2.86875   0
2.87   0
2.87125   0
2.8725   0
2.87375   0
2.875   0
2.87625   0
2.8775   0
2.87875   0
2.88   0
2.88125   0
2.8825   0
2.88375   0
2.885   0
2.88625   0
2.8875   0
2.88875   0
2.89   0
2.89125   0
2.8925   0
2.89375   0
2.895   0
2.89625   0
2.8975   0
2.89875   0
2.9   0
2.90125   0
2.9025   0
2.90375   0
2.905   0
2.90625   0
2.9075   0
2.90875   0
2.91   0
2.91125   0
2.9125   0
2.91375   0
2.915   0
2.91625   0
2.9175   0
2.91875   0
2.92   0
2.92125   0
2.9225   0
2.92375   0
2.925   0
2.92625   0
2.9275   0
2.92875   0
2.93   0
2.93125   0
2.9325   0
2.93375   0
2.935   0
2.93625   0
2.9375   0
2.93875   0
2.94   0
2.94125   0
2.9425   0
2.94375   0
2.945   0
2.94625   0
2.9475   0
2.94875   0
2.95   0
2.95125   0
2.9525   0
2.95375   0
2.955   0
2.95625   0
2.9575   0
2.95875   0
2.96   0
2.96125   0
2.9625   0
2.96375   0
2.965   0
2.96625   0
2.9675   0
2.96875   0
2.97   0
2.97125   0
2.9725   0
2.97375   0
2.975   0
2.97625   0
2.9775   0
2.97875   0
2.98   0
2.98125   0
2.9825   0
2.98375   0
2.985   0
2.98625   0
2.9875   0
2.98875   0
2.99   0
2.99125   0
2.9925   0
2.99375   0
2.995   0
2.99625   0
2.9975   0
2.99875   0
3   0
3.00125   0
3.0025   0
3.00375   0
3.005   0
3.00625   0
3.0075   0
3.00875   0
3.01   0
3.01125   0
3.0125   0
3.01375   0
3.015   0
3.01625   0
3.0175   0
3.01875   0
3.02   0
3.02125   0
3.0225   0
3.02375   0
3.025   0
3.02625   0
3.0275   0
3.02875   0
3.03   0
3.03125   0
3.0325   0
3.03375   0
3.035   0
3.03625   0
3.0375   0
3.03875   0
3.04   0
3.04125   0
3.0425   0
3.04375   0
3.045   0
3.04625   0
3.0475   0
3.04875   0
3.05   0
3.05125   0
3.0525   0
3.05375   0
3.055   0
3.05625   0
3.0575   0
3.05875   0
3.06   0
3.06125   0
3.0625   0
3.06375   0
3.065   0
3.06625   0
3.0675   0
3.06875   0
3.07   0
3.07125   0
3.0725   0
3.07375   0
3.075   0
3.07625   0
3.0775   0
3.07875   0
3.08   0
3.08125   0
3.0825   0
3.08375   0
3.085   0
3.08625   0
3.0875   0
3.08875   0
3.09   0
3.09125   0
3.0925   0
3.09375   0
3.095   0
3.09625   0
3.0975   0
3.09875   0
3.1   0
3.10125   0
3.1025   0
3.10375   0
3.105   0
3.10625   0
3.1075   0
3.10875   0
3.11   0
3.11125   0
3.1125   0
3.11375   0
3.115   0
3.11625   0
3.1175   0
3.11875   0
3.12   0
3.12125   0
3.1225   0
3.12375   0
3.125   0
3.12625   0
3.1275   0
3.12875   0
3.13   0
3.13125   0
3.1325   0
3.13375   0
3.135   0
3.13625   0
3.1375   0
3.13875   0
3.14   0
3.14125   0
3.1425   0
3.14375   0
3.145   0
3.14625   0
3.1475   0
3.14875   0
3.15   0
3.15125   0
3.1525   0
3.15375   0
3.155   0
3.15625   0
3.1575   0
3.15875   0
3.16   0
3.16125   0
3.1625   0
3.16375   0
3.165   0
3.16625   0
3.1675   0
3.16875   0
3.17   0
3.17125   0
3.1725   0
3.17375   0
3.175   0
3.17625   0
3.1775   0
3.17875   0
3.18   0
3.18125   0
3.1825   0
3.18375   0
3.185   0
3.18625   0
3.1875   0
3.18875   0
3.19   0
3.19125   0
3.1925   0
3.19375   0
3.195   0
3.19625   0
3.1975   0
3.19875   0
3.2   0
3.20125   0
3.2025   0
3.20375   0
3.205   0
3.20625   0
3.2075   0
3.20875   0
3.21   0
3.21125   0
3.2125   0
3.21375   0
3.215   0
3.21625   0
3.2175   0
3.21875   0
3.22   0
3.22125   0
3.2225   0
3.22375   0
3.225   0
3.22625   0
3.2275   0
3.22875   0
3.23   0
3.23125   0
3.2325   0
3.23375   0
3.235   0
3.23625   0
3.2375   0
3.23875   0
3.24   0
3.24125   0
3.2425   0
3.24375   0
3.245   0
3.24625   0
3.2475   0
3.24875   0
3.25   0
3.25125   0
3.2525   0
3.25375   0
3.255   0
3.25625   0
3.2575   0
3.25875   0
3.26   0
3.26125   0
3.2625   0
3.26375   0
3.265   0
3.26625   0
3.2675   0
3.26875   0
3.27   0
3.27125   0
3.2725   0
3.27375   0
3.275   0
3.27625   0
3.2775   0
3.27875   0
3.28   0
3.28125   0
3.2825   0
3.28375   0
3.285   0
3.28625   0
3.2875   0
3.28875   0
3.29   0
3.29125   0
3.2925   0
3.29375   0
3.295   0
3.29625   0
3.2975   0
3.29875   0
3.3   0
3.30125   0
3.3025   0
3.30375   0
3.305   0
3.30625   0
3.3075   0
3.30875   0
3.31   0
3.31125   0
3.3125   0
3.31375   0
3.315   0
3.31625   0
3.3175   0
3.31875   0
3.32   0
3.32125   0
3.3225   0
3.32375   0
3.325   0
3.32625   0
3.3275   0
3.32875   0
3.33   0
3.33125   0
3.3325   0
3.33375   0
3.335   0
3.33625   0
3.3375   0
3.33875   0
3.34   0
3.34125   0
3.3425   0
3.34375   0
3.345   0
3.34625   0
3.3475   0
3.34875   0
3.35   0
3.35125   0
3.3525   0
3.35375   0
3.355   0
3.35625   0
3.3575   0
3.35875   0
3.36   0
3.36125   0
3.3625   0
3.36375   0
3.365   0
3.36625   0
3.3675   0
3.36875   0
3.37   0
3.37125   0
3.3725   0
3.37375   0
3.375   0
3.37625   0
3.3775   0
3.37875   0
3.38   0
3.38125   0
3.3825   0
3.38375   0
3.385   0
3.38625   0
3.3875   0
3.38875   0
3.39   0
3.39125   0
3.3925   0
3.39375   0
3.395   0
3.39625   0
3.3975   0
3.39875   0
3.4   0
3.40125   0
3.4025   0
3.40375   0
3.405   0
3.40625   0
3.4075   0
3.40875   0
3.41   0
3.41125   0
3.4125   0
3.41375   0
3.415   0
3.41625   0
3.4175   0
3.41875   0
3.42   0
3.42125   0
3.4225   0
3.42375   0
3.425   0
3.42625   0
3.4275   0
3.42875   0
3.43   0
3.43125   0
3.4325   0
3.43375   0
3.435   0
3.43625   0
3.4375   0
3.43875   0
3.44   0
3.44125   0
3.4425   0
3.44375   0
3.445   0
3.44625   0
3.4475   0
3.44875   0
3.45   0
3.45125   0
3.4525   0
3.45375   0
3.455   0
3.45625   0
3.4575   0
3.45875   0
3.46   0
3.46125   0
3.4625   0
3.46375   0
3.465   0
3.46625   0
3.4675   0
3.46875   0
3.47   0
3.47125   0
3.4725   0
3.47375   0
3.475   0
3.47625   0
3.4775   0
3.47875   0
3.48   0
3.48125   0
3.4825   0
3.48375   0
3.485   0
3.48625   0
3.4875   0
3.48875   0
3.49   0
3.49125   0
3.4925   0
3.49375   0
3.495   0
3.49625   0
3.4975   0
3.49875   0
3.5   0
3.50125   0
3.5025   0
3.50375   0
3.505   0
3.50625   0
3.5075   0
3.50875   0
3.51   0
3.51125   0
3.5125   0
3.51375   0
3.515   0
3.51625   0
3.5175   0
3.51875   0
3.52   0
3.52125   0
3.5225   0
3.52375   0
3.525   0
3.52625   0
3.5275   0
3.52875   0
3.53   0
3.53125   0
3.5325   0
3.53375   0
3.535   0
3.53625   0
3.5375   0
3.53875   0
3.54   0
3.54125   0
3.5425   0
3.54375   0
3.545   0
3.54625   0
3.5475   0
3.54875   0
3.55   0
3.55125   0
3.5525   0
3.55375   0
3.555   0
3.55625   0
3.5575   0
3.55875   0
3.56   0
3.56125   0
3.5625   0
3.56375   0
3.565   0
3.56625   0
3.5675   0
3.56875   0
3.57   0
3.57125   0
3.5725   0
3.57375   0
3.575   0
3.57625   0
3.5775   0
3.57875   0
3.58   0
3.58125   0
3.5825   0
3.58375   0
3.585   0
3.58625   0
3.5875   0
3.58875   0
3.59   0
3.59125   0
3.5925   0
3.59375   0
3.595   0
3.59625   0
3.5975   0
3.59875   0
3.6   0
3.60125   0
3.6025   0
3.60375   0
3.605   0
3.60625   0
3.6075   0
3.60875   0
3.61   0
3.61125   0
3.6125   0
3.61375   0
3.615   0
3.61625   0
3.6175   0
3.61875   0
3.62   0
3.62125   0
3.6225   0
3.62375   0
3.625   0
3.62625   0
3.6275   0
3.62875   0
3.63   0
3.63125   0
3.6325   0
3.63375   0
3.635   0
3.63625   0
3.6375   0
3.63875   0
3.64   0
3.64125   0
3.6425   0
3.64375   0
3.645   0
3.64625   0
3.6475   0
3.64875   0
3.65   0
3.65125   0
3.6525   0
3.65375   0
3.655   0
3.65625   0
3.6575   0
3.65875   0
3.66   0
3.66125   0
3.6625   0
3.66375   0
3.665   0
3.66625   0
3.6675   0
3.66875   0
3.67   0
3.67125   0
3.6725   0
3.67375   0
3.675   0
3.67625   0
3.6775   0
3.67875   0
3.68   0
3.68125   0
3.6825   0
3.68375   0
3.685   0
3.68625   0
3.6875   0
3.68875   0
3.69   0
3.69125   0
3.6925   0
3.69375   0
3.695   0
3.69625   0
3.6975   0
3.69875   0
3.7   0
3.70125   0
3.7025   0
3.70375   0
3.705   0
3.70625   0
3.7075   0
3.70875   0
3.71   0
3.71125   0
3.7125   0
3.71375   0
3.715   0
3.71625   0
3.7175   0
3.71875   0
3.72   0
3.72125   0
3.7225   0
3.72375   0
3.725   0
3.72625   0
3.7275   0
3.72875   0
3.73   0
3.73125   0
3.7325   0
3.73375   0
3.735   0
3.73625   0
3.7375   0
3.73875   0
3.74   0
3.74125   0
3.7425   0
3.74375   0
3.745   0
3.74625   0
3.7475   0
3.74875   0
3.75   0
3.75125   0
3.7525   0
3.75375   0
3.755   0
3.75625   0
3.7575   0
3.75875   0
3.76   0
3.76125   0
3.7625   0
3.76375   0
3.765   0
3.76625   0
3.7675   0
3.76875   0
3.77   0
3.77125   0
3.7725   0
3.77375   0
3.775   0
3.77625   0
3.7775   0
3.77875   0
3.78   0
3.78125   0
3.7825   0
3.78375   0
3.785   0
3.78625   0
3.7875   0
3.78875   0
3.79   0
3.79125   0
3.7925   0
3.79375   0
3.795   0
3.79625   0
3.7975   0
3.79875   0
3.8   0
3.80125   0
3.8025   0
3.80375   0
3.805   0
3.80625   0
3.8075   0
3.80875   0
3.81   0
3.81125   0
3.8125   0
3.81375   0
3.815   0
3.81625   0
3.8175   0
3.81875   0
3.82   0
3.82125   0
3.8225   0
3.82375   0
3.825   0
3.82625   0
3.8275   0
3.82875   0
3.83   0
3.83125   0
3.8325   0
3.83375   0
3.835   0
3.83625   0
3.8375   0
3.83875   0
3.84   0
3.84125   0
3.8425   0
3.84375   0
3.845   0
3.84625   0
3.8475   0
3.84875   0
3.85   0
3.85125   0
3.8525   0
3.85375   0
3.855   0
3.85625   0
3.8575   0
3.85875   0
3.86   0
3.86125   0
3.8625   0
3.86375   0
3.865   0
3.86625   0
3.8675   0
3.86875   0
3.87   0
3.87125   0
3.8725   0
3.87375   0
3.875   0
3.87625   0
3.8775   0
3.87875   0
3.88   0
3.88125   0
3.8825   0
3.88375   0
3.885   0
3.88625   0
3.8875   0
3.88875   0
3.89   0
3.89125   0
3.8925   0
3.89375   0
3.895   0
3.89625   0
3.8975   0
3.89875   0
3.9   0
3.90125   0
3.9025   0
3.90375   0
3.905   0
3.90625   0
3.9075   0
3.90875   0
3.91   0
3.91125   0
3.9125   0
3.91375   0
3.915   0
3.91625   0
3.9175   0
3.91875   0
3.92   0
3.92125   0
3.9225   0
3.92375   0
3.925   0
3.92625   0
3.9275   0
3.92875   0
3.93   0
3.93125   0
3.9325   0
3.93375   0
3.935   0
3.93625   0
3.9375   0
3.93875   0
3.94   0
3.94125   0
3.9425   0
3.94375   0
3.945   0
3.94625   0
3.9475   0
3.94875   0
3.95   0
3.95125   0
3.9525   0
3.95375   0
3.955   0
3.95625   0
3.9575   0
3.95875   0
3.96   0
3.96125   0
3.9625   0
3.96375   0
3.965   0
3.96625   0
3.9675   0
3.96875   0
3.97   0
3.97125   0
3.9725   0
3.97375   0
3.975   0
3.97625   0
3.9775   0
3.97875   0
3.98   0
3.98125   0
3.9825   0
3.98375   0
3.985   0
3.98625   0
3.9875   0
3.98875   0
3.99   0
3.99125   0
3.9925   0
3.99375   0
3.995   0
3.99625   0
3.9975   0
3.99875   0
4   0
4.00125   0
4.0025   0
4.00375   0
4.005   0
4.00625   0
4.0075   0
4.00875   0
4.01   0
4.01125   0
4.0125   0
4.01375   0
4.015   0
4.01625   0
4.0175   0
4.01875   0
4.02   0
4.02125   0
4.0225   0
4.02375   0
4.025   0
4.02625   0
4.0275   0
4.02875   0
4.03   0
4.03125   0
4.0325   0
4.03375   0
4.035   0
4.03625   0
4.0375   0
4.03875   0
4.04   0
4.04125   0
4.0425   0
4.04375   0
4.045   0
4.04625   0
4.0475   0
4.04875   0
4.05   0
4.05125   0
4.0525   0
4.05375   0
4.055   0
4.05625   0
4.0575   0
4.05875   0
4.06   0
4.06125   0
4.0625   0
4.06375   0
4.065   0
4.06625   0
4.0675   0
4.06875   0
4.07   0
4.07125   0
4.0725   0
4.07375   0
4.075   0
4.07625   0
4.0775   0
4.07875   0
4.08   0
4.08125   0
4.0825   0
4.08375   0
4.085   0
4.08625   0
4.0875   0
4.08875   0
4.09   0
4.09125   0
4.0925   0
4.09375   0
4.095   0
4.09625   0
4.0975   0
4.09875   0
4.1   0
4.10125   0
4.1025   0
4.10375   0
4.105   0
4.10625   0
4.1075   0
4.10875   0
4.11   0
4.11125   0
4.1125   0
4.11375   0
4.115   0
4.11625   0
4.1175   0
4.11875   0
4.12   0
4.12125   0
4.1225   0
4.12375   0
4.125   0
4.12625   0
4.1275   0
4.12875   0
4.13   0
4.13125   0
4.1325   0
4.13375   0
4.135   0
4.13625   0
4.1375   0
4.13875   0
4.14   0
4.14125   0
4.1425   0
4.14375   0
4.145   0
4.14625   0
4.1475   0
4.14875   0
4.15   0
4.15125   0
4.1525   0
4.15375   0
4.155   0
4.15625   0
4.1575   0
4.15875   0
4.16   0
4.16125   0
4.1625   0
4.16375   0
4.165   0
4.16625   0
4.1675   0
4.16875   0
4.17   0
4.17125   0
4.1725   0
4.17375   0
4.175   0
4.17625   0
4.1775   0
4.17875   0
4.18   0
4.18125   0
4.1825   0
4.18375   0
4.185   0
4.18625   0
4.1875   0
4.18875   0
4.19   0
4.19125   0
4.1925   0
4.19375   0
4.195   0
4.19625   0
4.1975   0
4.19875   0
4.2   0
4.20125   0
4.2025   0
4.20375   0
4.205   0
4.20625   0
4.2075   0
4.20875   0
4.21   0
4.21125   0
4.2125   0
4.21375   0
4.215   0
4.21625   0
4.2175   0
4.21875   0
4.22   0
4.22125   0
4.2225   0
4.22375   0
4.225   0
4.22625   0
4.2275   0
4.22875   0
4.23   0
4.23125   0
4.2325   0
4.23375   0
4.235   0
4.23625   0
4.2375   0
4.23875   0
4.24   0
4.24125   0
4.2425   0
4.24375   0
4.245   0
4.24625   0
4.2475   0
4.24875   0
4.25   0
4.25125   0
4.2525   0
4.25375   0
4.255   0
4.25625   0
4.2575   0
4.25875   0
4.26   0
4.26125   0
4.2625   0
4.26375   0
4.265   0
4.26625   0
4.2675   0
4.26875   0
4.27   0
4.27125   0
4.2725   0
4.27375   0
4.275   0
4.27625   0
4.2775   0
4.27875   0
4.28   0
4.28125   0
4.2825   0
4.28375   0
4.285   0
4.28625   0
4.2875   0
4.28875   0
4.29   0
4.29125   0
4.2925   0
4.29375   0
4.295   0
4.29625   0
4.2975   0
4.29875   0
4.3   0
4.30125   0
4.3025   0
4.30375   0
4.305   0
4.30625   0
4.3075   0
4.30875   0
4.31   0
4.31125   0
4.3125   0
4.31375   0
4.315   0
4.31625   0
4.3175   0
4.31875   0
4.32   0
4.32125   0
4.3225   0
4.32375   0
4.325   0
4.32625   0
4.3275   0
4.32875   0
4.33   0
4.33125   0
4.3325   0
4.33375   0
4.335   0
4.33625   0
4.3375   0
4.33875   0
4.34   0
4.34125   0
4.3425   0
4.34375   0
4.345   0
4.34625   0
4.3475   0
4.34875   0
4.35   0
4.35125   0
4.3525   0
4.35375   0
4.355   0
4.35625   0
4.3575   0
4.35875   0
4.36   0
4.36125   0
4.3625   0
4.36375   0
4.365   0
4.36625   0
4.3675   0
4.36875   0
4.37   0
4.37125   0
4.3725   0
4.37375   0
4.375   0
4.37625   0
4.3775   0
4.37875   0
4.38   0
4.38125   0
4.3825   0
4.38375   0
4.385   0
4.38625   0
4.3875   0
4.38875   0
4.39   0
4.39125   0
4.3925   0
4.39375   0
4.395   0
4.39625   0
4.3975   0
4.39875   0
4.4   0
4.40125   0
4.4025   0
4.40375   0
4.405   0
4.40625   0
4.4075   0
4.40875   0
4.41   0
4.41125   0
4.4125   0
4.41375   0
4.415   0
4.41625   0
4.4175   0
4.41875   0
4.42   0
4.42125   0
4.4225   0
4.42375   0
4.425   0
4.42625   0
4.4275   0
4.42875   0
4.43   0
4.43125   0
4.4325   0
4.43375   0
4.435   0
4.43625   0
4.4375   0
4.43875   0
4.44   0
4.44125   0
4.4425   0
4.44375   0
4.445   0
4.44625   0
4.4475   0
4.44875   0
4.45   0
4.45125   0
4.4525   0
4.45375   0
4.455   0
4.45625   0
4.4575   0
4.45875   0
4.46   0
4.46125   0
4.4625   0
4.46375   0
4.465   0
4.46625   0
4.4675   0
4.46875   0
4.47   0
4.47125   0
4.4725   0
4.47375   0
4.475   0
4.47625   0
4.4775   0
4.47875   0
4.48   0
4.48125   0
4.4825   0
4.48375   0
4.485   0
4.48625   0
4.4875   0
4.48875   0
4.49   0
4.49125   0
4.4925   0
4.49375   0
4.495   0
4.49625   0
4.4975   0
4.49875   0
4.5   0
4.50125   0
4.5025   0
4.50375   0
4.505   0
4.50625   0
4.5075   0
4.50875   0
4.51   0
4.51125   0
4.5125   0
4.51375   0
4.515   0
4.51625   0
4.5175   0
4.51875   0
4.52   0
4.52125   0
4.5225   0
4.52375   0
4.525   0
4.52625   0
4.5275   0
4.52875   0
4.53   0
4.53125   0
4.5325   0
4.53375   0
4.535   0
4.53625   0
4.5375   0
4.53875   0
4.54   0
4.54125   0
4.5425   0
4.54375   0
4.545   0
4.54625   0
4.5475   0
4.54875   0
4.55   0
4.55125   0
4.5525   0
4.55375   0
4.555   0
4.55625   0
4.5575   0
4.55875   0
4.56   0
4.56125   0
4.5625   0
4.56375   0
4.565   0
4.56625   0
4.5675   0
4.56875   0
4.57   0
4.57125   0
4.5725   0
4.57375   0
4.575   0
4.57625   0
4.5775   0
4.57875   0
4.58   0
4.58125   0
4.5825   0
4.58375   0
4.585   0
4.58625   0
4.5875   0
4.58875   0
4.59   0
4.59125   0
4.5925   0
4.59375   0
4.595   0
4.59625   0
4.5975   0
4.59875   0
4.6   0
4.60125   0
4.6025   0
4.60375   0
4.605   0
4.60625   0
4.6075   0
4.60875   0
4.61   0
4.61125   0
4.6125   0
4.61375   0
4.615   0
4.61625   0
4.6175   0
4.61875   0
4.62   0
4.62125   0
4.6225   0
4.62375   0
4.625   0
4.62625   0
4.6275   0
4.62875   0
4.63   0
4.63125   0
4.6325   0
4.63375   0
4.635   0
4.63625   0
4.6375   0
4.63875   0
4.64   0
4.64125   0
4.6425   0
4.64375   0
4.645   0
4.64625   0
4.6475   0
4.64875   0
4.65   0
4.65125   0
4.6525   0
4.65375   0
4.655   0
4.65625   0
4.6575   0
4.65875   0
4.66   0
4.66125   0
4.6625   0
4.66375   0
4.665   0
4.66625   0
4.6675   0
4.66875   0
4.67   0
4.67125   0
4.6725   0
4.67375   0
4.675   0
4.67625   0
4.6775   0
4.67875   0
4.68   0
4.68125   0
4.6825   0
4.68375   0
4.685   0
4.68625   0
4.6875   0
4.68875   0
4.69   0
4.69125   0
4.6925   0
4.69375   0
4.695   0
4.69625   0
4.6975   0
4.69875   0
4.7   0
4.70125   0
4.7025   0
4.70375   0
4.705   0
4.70625   0
4.7075   0
4.70875   0
4.71   0
4.71125   0
4.7125   0
4.71375   0
4.715   0
4.71625   0
4.7175   0
4.71875   0
4.72   0
4.72125   0
4.7225   0
4.72375   0
4.725   0
4.72625   0
4.7275   0
4.72875   0
4.73   0
4.73125   0
4.7325   0
4.73375   0
4.735   0
4.73625   0
4.7375   0
4.73875   0
4.74   0
4.74125   0
4.7425   0
4.74375   0
4.745   0
4.74625   0
4.7475   0
4.74875   0
4.75   0
4.75125   0
4.7525   0
4.75375   0
4.755   0
4.75625   0
4.7575   0
4.75875   0
4.76   0
4.76125   0
4.7625   0
4.76375   0
4.765   0
4.76625   0
4.7675   0
4.76875   0
4.77   0
4.77125   0
4.7725   0
4.77375   0
4.775   0
4.77625   0
4.7775   0
4.77875   0
4.78   0
4.78125   0
4.7825   0
4.78375   0
4.785   0
4.78625   0
4.7875   0
4.78875   0
4.79   0
4.79125   0
4.7925   0
4.79375   0
4.795   0
4.79625   0
4.7975   0
4.79875   0
4.8   0
4.80125   0
4.8025   0
4.80375   0
4.805   0
4.80625   0
4.8075   0
4.80875   0
4.81   0
4.81125   0
4.8125   0
4.81375   0
4.815   0
4.81625   0
4.8175   0
4.81875   0
4.82   0
4.82125   0
4.8225   0
4.82375   0
4.825   0
4.82625   0
4.8275   0
4.82875   0
4.83   0
4.83125   0
4.8325   0
4.83375   0
4.835   0
4.83625   0
4.8375   0
4.83875   0
4.84   0
4.84125   0
4.8425   0
4.84375   0
4.845   0
4.84625   0
4.8475   0
4.84875   0
4.85   0
4.85125   0
4.8525   0
4.85375   0
4.855   0
4.85625   0
4.8575   0
4.85875   0
4.86   0
4.86125   0
4.8625   0
4.86375   0
4.865   0
4.86625   0
4.8675   0
4.86875   0
4.87   0
4.87125   0
4.8725   0
4.87375   0
4.875   0
4.87625   0
4.8775   0
4.87875   0
4.88   0
4.88125   0
4.8825   0
4.88375   0
4.885   0
4.88625   0
4.8875   0
4.88875   0
4.89   0
4.89125   0
4.8925   0
4.89375   0
4.895   0
4.89625   0
4.8975   0
4.89875   0
4.9   0
4.90125   0
4.9025   0
4.90375   0
4.905   0
4.90625   0
4.9075   0
4.90875   0
4.91   0
4.91125   0
4.9125   0
4.91375   0
4.915   0
4.91625   0
4.9175   0
4.91875   0
4.92   0
4.92125   0
4.9225   0
4.92375   0
4.925   0
4.92625   0
4.9275   0
4.92875   0
4.93   0
4.93125   0
4.9325   0
4.93375   0
4.935   0
4.93625   0
4.9375   0
4.93875   0
4.94   0
4.94125   0
4.9425   0
4.94375   0
4.945   0
4.94625   0
4.9475   0
4.94875   0
4.95   0
4.95125   0
4.9525   0
4.95375   0
4.955   0
4.95625   0
4.9575   0
4.95875   0
4.96   0
4.96125   0
4.9625   0
4.96375   0
4.965   0
4.96625   0
4.9675   0
4.96875   0
4.97   0
4.97125   0
4.9725   0
4.97375   0
4.975   0
4.97625   0
4.9775   0
4.97875   0
4.98   0
4.98125   0
4.9825   0
4.98375   0
4.985   0
4.98625   0
4.9875   0
4.98875   0
4.99   0
4.99125   0
4.9925   0
4.99375   0
4.995   0
4.99625   0
4.9975   0
